2040.0,0.88,1.16,0.7,1.0,1.06,1.15,1.07,1.19,1.13,1.17,1.1,1.0,1.24,1.1,1.04,113.0
1600.0,0.88,1.16,0.85,1.0,1.06,1.0,1.07,1.0,0.91,1.0,0.9,0.95,1.1,1.0,1.0,293.0
243.0,1.0,1.16,0.85,1.0,1.0,0.87,0.94,0.86,0.82,0.86,0.9,0.95,0.91,0.91,1.0,132.0
240.0,0.75,1.16,0.7,1.0,1.0,0.87,1.0,1.19,0.91,1.42,1.0,0.95,1.24,1.0,1.04,60.0
33.0,0.88,0.94,1.0,1.0,1.0,0.87,1.0,1.0,1.0,0.86,0.9,0.95,1.24,1.0,1.0,16.0
43.0,0.75,1.0,0.85,1.0,1.21,1.0,1.0,1.46,1.0,1.42,0.9,0.95,1.24,1.1,1.0,4.0
8.0,0.75,1.0,1.0,1.0,1.0,0.87,0.87,1.0,1.0,1.0,0.9,0.95,0.91,0.91,1.0,6.9
1075.0,1.15,0.94,1.3,1.66,1.56,1.3,1.0,0.71,0.91,1.0,1.21,1.14,1.1,1.1,1.08,22.0
423.0,1.15,0.94,1.3,1.3,1.21,1.15,1.0,0.86,1.0,0.86,1.1,1.07,0.91,1.0,1.0,30.0
321.0,1.4,0.94,1.3,1.11,1.56,1.0,1.07,0.86,0.82,0.86,0.9,1.0,1.0,1.0,1.0,29.0
218.0,1.4,0.94,1.3,1.11,1.56,1.0,1.07,0.86,0.82,0.86,0.9,1.0,1.0,1.0,1.0,32.0
201.0,1.15,0.94,1.3,1.11,1.06,1.0,1.0,0.86,0.82,0.86,1.0,0.95,0.91,1.0,1.08,37.0
79.0,1.15,0.94,1.3,1.11,1.06,1.15,1.0,0.71,1.0,0.7,1.1,1.0,0.82,1.0,1.0,25.0
60.0,1.15,0.94,1.65,1.3,1.56,1.15,1.0,0.86,1.0,0.7,1.1,1.07,1.1,1.24,1.23,3.0
61.0,1.4,0.94,1.3,1.3,1.06,1.15,0.87,0.86,1.13,0.86,1.21,1.14,0.91,1.0,1.23,3.9
40.0,1.4,1.0,1.3,1.3,1.56,1.0,0.87,0.86,1.0,0.86,1.0,1.0,1.0,1.0,1.0,6.1
9.0,1.4,1.0,1.3,1.3,1.56,1.0,0.87,0.86,0.82,0.86,1.0,1.0,1.0,1.0,1.0,3.6
11400.0,1.15,1.16,1.15,1.3,1.21,1.0,1.07,0.86,1.0,1.0,1.0,1.0,1.24,1.1,1.08,320.0
6600.0,1.15,1.08,1.0,1.11,1.21,0.87,0.94,0.71,0.91,1.0,1.0,1.0,0.91,0.91,1.0,1150.0
6400.0,1.4,1.08,1.3,1.11,1.21,1.15,1.07,0.71,0.82,1.08,1.1,1.07,1.24,1.0,1.08,299.0
2455.0,1.0,1.16,1.15,1.06,1.14,0.87,0.87,0.86,1.0,1.0,1.0,1.0,0.91,0.91,1.0,252.0
724.0,1.15,1.0,1.0,1.27,1.06,1.0,1.0,0.86,0.82,0.86,0.9,1.0,0.91,1.0,1.23,118.0
539.0,1.15,1.0,1.0,1.08,1.06,1.0,1.0,0.86,0.82,0.86,0.9,1.0,1.0,1.0,1.23,77.0
453.0,0.88,1.0,0.85,1.06,1.06,1.0,0.87,1.0,1.29,1.0,1.1,0.95,0.82,0.83,1.0,90.0
523.0,1.15,1.16,1.3,1.15,1.06,1.0,0.87,0.86,1.0,0.86,1.1,1.0,0.82,0.91,1.08,38.0
387.0,0.94,1.0,0.85,1.07,1.06,1.15,1.07,0.86,1.0,0.86,1.1,1.0,0.91,1.1,1.08,48.0
88.0,1.15,0.94,1.15,1.35,1.21,1.0,0.87,1.0,1.0,1.0,1.0,1.0,0.82,1.1,1.08,9.4
98.0,1.15,1.08,1.3,1.11,1.21,1.15,1.07,0.86,1.0,0.86,1.1,1.07,1.1,1.1,1.0,13.0
7.3,0.88,1.0,1.0,1.0,1.0,1.0,1.0,1.1,1.29,0.86,1.0,1.0,0.91,0.91,1.23,2.14
5.9,0.88,1.0,1.0,1.0,1.0,1.0,1.0,1.0,1.29,0.86,1.0,1.0,0.91,0.91,1.23,1.98
1063.0,1.4,1.08,1.0,1.48,1.56,1.15,1.07,0.86,0.82,0.86,1.1,1.07,1.0,1.0,1.0,62.0
702.0,0.88,1.08,0.85,1.0,1.0,1.0,1.0,0.71,0.82,1.0,1.0,1.0,1.1,1.1,1.0,390.0
605.0,1.4,1.08,1.3,1.48,1.56,1.15,0.94,0.86,0.82,0.86,0.9,1.0,0.91,0.91,1.0,42.0
230.0,1.15,1.08,1.0,1.06,1.0,1.0,0.87,1.0,1.0,1.0,1.0,1.0,0.91,1.1,1.23,23.0
82.0,0.75,0.94,1.3,1.06,1.21,1.15,1.0,1.0,0.91,1.0,1.1,1.0,1.24,1.24,1.0,13.0
55.0,0.88,1.05,0.81,1.0,1.0,0.87,0.87,1.19,1.0,1.17,0.9,0.95,1.0,0.91,1.04,15.0
47.0,0.88,0.94,0.7,1.0,1.06,1.0,1.0,0.86,0.82,0.86,1.0,1.0,1.0,1.0,1.0,60.0
12.0,1.0,1.0,1.15,1.0,1.0,0.87,0.87,0.71,0.91,1.0,0.9,0.95,0.82,0.91,1.0,15.0
8.0,1.0,1.0,1.15,1.0,1.0,0.87,1.0,0.71,0.82,0.7,1.0,0.95,0.91,1.1,1.0,6.2
8.0,1.0,0.94,1.3,1.0,1.0,1.0,0.87,0.86,0.82,1.17,1.0,1.0,1.1,1.0,1.0,3.0
6.0,0.88,0.94,1.0,1.0,1.0,0.87,0.87,1.0,0.82,0.7,0.9,0.95,0.91,0.91,1.0,5.3
45.0,0.88,1.04,1.07,1.0,1.06,0.87,1.07,0.86,1.0,0.93,0.9,0.95,0.95,0.95,1.04,45.5
83.0,1.0,1.04,1.07,1.0,1.21,0.87,1.07,0.86,1.0,1.0,0.9,0.95,1.0,1.0,1.04,28.6
87.0,0.88,1.04,1.07,1.06,1.21,0.87,1.07,1.0,1.0,1.0,0.9,0.95,1.1,1.0,1.04,30.6
106.0,0.88,1.04,1.07,1.0,1.06,0.87,1.07,1.0,1.0,1.0,0.9,0.95,1.0,0.95,1.04,35.0
126.0,0.88,1.04,1.07,1.0,1.06,0.87,1.07,1.0,1.0,0.86,0.9,0.95,1.0,1.0,1.04,73.0
36.0,0.75,0.94,1.3,1.0,1.0,0.87,0.87,0.71,0.82,0.7,1.1,1.07,1.1,1.0,1.04,23.0
1272.0,0.88,0.94,0.85,1.0,1.0,0.87,1.0,1.19,0.91,1.17,0.9,0.95,1.1,1.0,1.04,464.0
156.0,1.0,1.0,0.85,1.0,1.0,1.0,0.87,0.71,1.0,0.7,1.1,1.0,0.82,0.91,1.0,91.0
176.0,1.15,1.0,1.0,1.3,1.21,1.0,0.87,0.86,1.0,0.86,1.1,1.0,1.0,1.0,1.0,24.0
122.0,0.88,1.0,1.0,1.0,1.0,1.0,1.15,1.19,1.0,1.42,1.0,0.95,1.24,1.1,1.04,10.0
41.0,0.88,0.94,0.85,1.0,1.06,1.15,1.0,1.0,1.0,1.0,1.1,1.07,1.24,1.1,1.0,8.2
14.0,0.88,0.94,1.15,1.11,1.21,1.3,1.0,0.71,1.0,0.7,1.1,1.07,1.0,1.1,1.08,5.3
20.0,1.0,0.94,1.0,1.0,1.06,1.15,0.87,1.0,0.82,1.0,1.0,0.95,0.91,1.1,1.0,4.4
18.0,0.88,0.94,0.7,1.0,1.0,0.87,0.87,0.86,0.82,1.17,0.9,0.95,1.1,1.0,1.0,6.3
958.0,1.15,0.94,1.3,1.3,1.21,1.0,1.0,0.86,0.91,1.0,1.1,1.07,1.1,1.1,1.08,27.0
237.0,1.0,0.94,1.15,1.11,1.21,1.3,1.0,1.0,1.0,1.0,1.1,1.07,1.1,1.1,1.23,17.0
130.0,1.4,0.94,1.3,1.66,1.21,1.0,1.0,0.71,0.82,0.7,0.9,0.95,0.91,1.0,1.0,25.0
70.0,1.0,0.94,1.15,1.06,1.06,1.0,0.87,1.0,1.0,1.0,1.0,1.0,0.91,1.0,1.0,23.0
57.0,1.15,0.94,1.3,1.11,1.06,1.0,1.0,0.86,1.13,0.86,1.1,1.07,1.1,1.1,1.08,6.7
50.0,1.0,0.94,1.15,1.0,1.0,0.87,0.87,0.86,1.0,0.86,0.9,1.0,0.82,1.0,1.0,28.0
38.0,0.88,0.94,1.3,1.11,1.21,1.15,1.0,0.78,0.82,0.7,1.21,1.14,0.91,1.24,1.0,9.1
15.0,1.0,0.94,1.15,1.0,1.0,1.0,0.87,0.71,0.82,0.86,1.0,1.0,0.82,1.0,1.0,10.0
